5.850603128427814825e-01
2.071812212423266575e-01
5.835015326282779746e-01
4.947294624681033981e-01
6.153306959347528693e-01
6.805638314463270389e-01
-4.143967990467082446e-02
1.075018028726921204e-01
-3.746490379015945948e-02
1.649576767662951360e-01
5.679045648797602652e-01
3.937909594928366563e-01
-1.370286911532090923e-01
6.673153154317619240e-01
8.956417613979356096e-02
4.533812933996403949e-01
4.936110109351429104e-02
6.380292781226842846e-01
6.210908385846205526e-01
2.770318340781435795e-01
5.031079107676830198e-01
4.333481657401843101e-01
-4.382826522128579344e-02
-1.087777212908622448e-01
2.000212876189959854e-01
3.363522147546140206e-01
5.243511922732418951e-01
7.099074796760357353e-01
5.905848450922596138e-01
3.852988421235088445e-01
1.105123800987458937e-01
6.714411757510821421e-02
7.448062898521682351e-01
-1.252790609686246261e-02
8.604857928080003049e-01
7.499673333045379087e-01
3.311654537423989186e-01
3.479796104853948857e-01
5.094874485531899477e-01
6.462295575384797985e-02
1.202229310540888357e-01
-1.404585806388304083e-02
-1.580856634309826467e-02
5.160463789784222044e-01
-4.527044298138573758e-02
1.021919656355136097e-01
2.987116718779696603e-02
1.969435980386980145e-01
2.794915814519641772e-01
2.750718067404285261e-01
1.052406244674124330e-01
1.318054802784968393e-01
3.116237588746010867e-01
3.326842480153696102e-01
4.792607477861044601e-02
2.795208008282359935e-01
4.818540893636645284e-01
5.138881816940666925e-01
3.875522367379231614e-01
4.972406148856177710e-01
3.836382216367072440e-01
4.498121488358681197e-01
2.518931731497017421e-02
3.965851112284419222e-01
6.080053743213474637e-02
2.970681185745197572e-01
-6.357909031133615607e-02
5.030226331264049389e-01
1.763183346154696407e-01
4.425694863085443687e-01
2.521510221266638485e-01
3.541386470220908023e-01
4.906419129851967709e-01
-1.544810948365192386e-02
5.101452102975125857e-01
2.626701870063291033e-01
3.621750160647982386e-01
4.567832209185798686e-01
-3.735242757650444889e-02
2.265880767164751841e-01
2.297414991671113127e-01
2.306500091454528334e-01
3.900657636355067126e-01
3.303795829977383969e-01
3.698143920927311479e-01
7.772168548090339912e-02
3.660578513050356531e-01
1.503202216744236978e-02
4.414866585826714984e-01
3.689024215370716453e-01
4.375507903610824645e-01
4.590330760487277423e-02
4.265906666954717985e-01
6.083291486118820590e-02
2.075043840799289940e-01
3.360249164101257180e-01
5.258683734355223266e-02
7.935639338330306713e-02
2.385058152190679681e-01
1.520188237817940158e-01
5.821244955250731018e-02
2.377985701558219533e-01
4.738500978528491503e-01
1.681010388540822020e-01
3.148445331602500175e-01
3.225178296786777032e-01
1.453057022148712130e-01
8.500599548447809739e-02
2.679236499501704699e-02
1.703838439830947793e-01
3.889908164856818451e-01
1.907563578875176857e-01
3.643937150670489289e-01
2.659780206315065509e-01
4.265434244709256917e-01
2.060915785905504879e-02
3.405343699665769330e-01
9.262747530023215381e-01
6.852654817839025636e-01
3.455984763511611435e-01
1.880504537146167332e-01
1.553994258682428742e-01
7.846083548606982427e-01
2.240466335752344940e-01
4.682173241805202002e-01
4.586148672219972910e-01
